74,128
74,127
74,126
74,125
74,124
74,123
74,122
74,121
74,120
74,119
74,118
74,117
74,116
74,115
74,114
74,113
74,112
74,111
74,110
74,109
74,108
74,107
74,106
74,105
74,104
74,103
74,102
74,101
74,100
74,99
74,98
74,97
74,96
74,95
74,94
74,93
74,92
74,91
74,90
74,89
74,88
74,87
74,86
74,85
74,84
74,83
74,82
74,81
74,80
74,79
74,78
74,77
74,76
74,75
74,74
74,73
74,72
74,71
74,70
74,69
74,68
74,67
74,66
74,65
74,64
74,36
74,35
74,34
74,33
74,32
74,31
74,30
74,29
74,28
74,27
74,26
74,25
74,24
74,23
74,22
74,21
74,20
74,19
74,18
74,17
74,16
74,15
74,14
74,13
74,12
74,11
74,10
74,9
74,8
74,7
74,6
74,5
74,4
74,3
74,2
74,1
74,0
72,6
72,4
72,3
72,2
72,1
72,0
70,3
70,2
70,1
70,0
69,3
69,2
69,1
69,0
68,5
68,3
68,2
68,1
68,0
66,3
66,2
66,1
66,0
65,3
65,2
65,1
65,0
64,3
64,2
64,1
64,0
63,3
63,2
63,1
63,0
62,4
62,3
62,2
62,1
62,0
60,3
60,2
60,1
60,0
45,3
45,2
45,1
45,0
39,3
39,2
39,1
39,0
37,3
37,2
37,1
37,0
33,3
33,2
33,1
33,0
30,6
30,5
30,4
30,3
30,2
30,1
30,0
18,4
18,3
18,2
18,1
18,0
14,3
14,2
14,1
14,0
13,3
13,2
13,1
13,0
5,20
5,19
5,18
5,17
5,16
5,15
5,14
5,13
5,12
5,11
5,10
5,9
5,8
5,7
5,6
5,5
5,4
5,3
5,2
5,1
5,0
4,3
4,2
4,1
4,0
3,6
3,5
3,4
3,3
3,2
3,1
3,0
2,19
2,18
2,16
2,15
2,14
2,13
2,10
2,9
2,6
2,5
2,3
2,2
2,1
2,0
1,3
1,2
1,1
1,0
0,421
0,387
0,243
0,9
0,0
0,1
74,129
74,130
74,132
74,133
74,135
74,136
74,138
74,140
74,141
74,143
74,144
74,146
74,148
74,149
74,151
74,152
74,154
74,155
74,157
74,159
74,160
74,162
74,163
74,165
74,167
74,168
74,170
74,171
74,173
74,174
74,176
74,178
74,179
74,181
74,182
74,184
74,186
74,187
74,189
74,190
74,192
74,193
74,195
74,197
74,198
74,200
74,201
74,203
74,205
74,206
74,208
74,209
74,211
74,213
74,214
74,216
74,217
74,219
74,220
74,222
74,224
74,225
74,227
74,228
74,230
74,232
74,233
74,235
74,236
74,238
74,239
74,241
74,243
74,244
74,246
74,247
74,249
74,251
74,252
74,254
74,255
74,257
74,258
74,260
74,262
74,263
74,265
74,266
74,268
74,270
74,271
74,273
74,274
74,276
74,278
74,279
74,281
74,282
74,284
74,285
74,287
74,289
74,290
74,292
74,293
74,295
74,297
74,298
74,300
74,301
74,303
74,304
74,306
74,308
74,309
74,311
74,312
74,314
74,316
74,317
74,319
74,320
74,322
74,323
74,325
74,327
74,328
74,330
74,331
74,333
74,335
74,336
74,338
74,339
74,341
74,342
74,344
74,346
74,347
74,349
74,350
74,352
74,354
74,355
74,357
74,358
74,360
74,362
74,363
74,365
74,366
74,368
74,369
74,371
74,373
74,374
74,376
74,377
74,379
74,381
74,382
74,384
74,385
74,387
74,388
74,390
74,392
74,393
74,395
74,396
74,398
74,400
74,401
74,403
74,404
74,406
74,407
74,409
74,411
74,412
74,414
74,415
74,417
74,419
74,420
74,449
74,450
74,452
74,454
74,455
74,457
74,458
74,460
74,461
74,463
74,465
74,466
74,468
74,469
74,471
74,473
74,474
74,476
74,477
74,479
74,480
74,482
74,484
74,485
74,487
74,488
74,490
74,492
74,493
74,495
74,496
74,498
74,499
74,501
74,503
74,504
74,506
74,507
74,509
74,513
74,514
74,516
74,517
74,519
74,520
74,522
74,524
74,525
74,527
74,528
74,530
74,532
74,533
74,535
74,536
74,538
74,540
74,541
74,543
74,544
74,546
74,547
74,549
74,551
74,552
74,560
74,561
74,563
74,565
74,566
74,568
74,569
74,571
74,572
74,574
74,576
74,577
74,579
74,580
74,582
74,584
74,585
74,587
74,588
74,590
74,591
74,593
74,595
74,596
74,598
74,599
74,601
74,603
74,604
74,606
74,607
74,609
74,611
74,612
74,614
74,615
74,617
74,618
74,620
74,622
74,623
74,625
74,626
74,628
74,630
74,631
74,633
74,634
74,636
74,637
74,639
74,641
74,642
74,644
74,645
74,647
74,649
74,650
74,652
74,653
74,655
74,656
74,658
74,660
74,661
74,663
74,664
74,666
74,668
74,669
74,671
74,672
74,674
74,676
74,677
74,679
74,680
74,682
74,683
74,689
74,691
74,692
74,694
74,695
74,697
74,699
74,700
74,702
74,703
74,787
74,788
74,790
74,792
74,793
74,795
74,796
74,798
74,800
74,801
74,803
74,804
74,896
74,897
74,899
74,901
74,902
74,930
74,931
74,933
74,935
74,936
74,938
74,939
74,941
74,942
74,944
74,946
74,947
74,949
74,950
74,952
74,954
74,955
74,957
74,958
74,960
74,962
74,963
74,965
74,966
74,968
74,969
74,971
74,973
74,974
74,976
74,977
74,979
74,981
74,982
74,984
74,985
74,987
74,988
74,990
74,992
74,1024
74,1026
74,1027
74,1029
74,1031
74,1032
74,1034
74,1035
74,1037
74,1038
74,1040
74,1042
74,1043
74,1045
74,1046
74,1048
74,1050
74,1051
74,1053
74,1054
74,1056
74,1058
74,1059
74,1061
74,1062
74,1064
74,1065
74,1067
74,1069
74,1070
74,1072
74,1073
74,1075
74,1077
74,1078
74,1080
74,1081
74,1083
74,1084
74,1086
75,0
75,1
75,3
75,4
79,1
79,3
79,7
79,9
80,0
80,2
80,3
81,0
81,2
81,3
82,1
82,2
83,0
83,2
83,3
84,1
84,2
85,0
85,1
85,3
88,0
88,1
88,3
88,6
90,0
90,2
90,3
91,0
91,1
91,3
93,1
93,2
93,5
95,0
95,2
95,3
96,0
96,2
96,3
102,0
102,1
102,3
102,10
102,11
102,13
102,14
103,1
103,2
104,0
104,2
104,3
105,0
105,1
105,3
106,1
106,2
107,0
107,1
107,3
107,4
108,1
108,3
110,0
110,2
110,3
110,6
114,1
114,2
114,7
114,8
116,0
116,2
116,3
116,6
118,0
118,2
118,3
118,6
119,1
119,2
119,4
119,6
121,1
121,3
121,4
121,6
121,7
121,9
121,10
121,12
121,14
121,17
121,19
122,0
122,2
122,4
122,6
122,8
123,0
123,2
123,3
123,6
124,1
124,2
124,4
124,6
125,1
125,3
125,4
127,0
127,1
127,3
127,5
128,0
128,2
128,3
130,1
130,2
130,5
131,1
131,2
132,0
132,1
132,3
132,5
133,0
133,2
133,3
133,5
133,6
133,8
133,10
133,11
133,13
133,14
134,0
134,2
134,3
135,1
135,2
136,0
136,1
136,3
137,1
137,2
138,0
138,1
138,3
139,1
139,2
140,0
140,1
140,3
140,4
140,6
140,8
140,9
141,1
141,2
142,0
142,2
142,3
142,1
141,3
141,0
140,7
140,5
140,2
139,3
139,0
138,2
137,3
137,0
136,2
135,3
135,0
134,1
133,15
133,12
133,9
133,7
133,4
133,1
132,4
132,2
131,3
131,0
130,3
130,0
128,1
127,6
127,2
125,6
125,2
125,0
124,3
124,0
123,4
123,1
122,7
122,3
122,1
121,18
121,13
121,11
121,8
121,5
121,2
121,0
119,3
119,0
118,5
118,1
116,5
116,1
114,9
114,3
114,0
110,4
110,1
108,2
108,0
107,2
106,3
106,0
105,2
104,4
104,1
103,3
103,0
102,12
102,4
102,2
96,4
96,1
95,5
95,1
93,3
93,0
91,2
90,5
90,1
88,7
88,2
85,5
85,2
84,3
84,0
83,1
82,3
82,0
81,1
80,4
80,1
79,8
79,2
79,0
75,2
74,1087
74,1085
74,1082
74,1079
74,1076
74,1074
74,1071
74,1068
74,1066
74,1063
74,1060
74,1057
74,1055
74,1052
74,1049
74,1047
74,1044
74,1041
74,1039
74,1036
74,1033
74,1030
74,1028
74,1025
74,991
74,989
74,986
74,983
74,980
74,978
74,975
74,972
74,970
74,967
74,964
74,961
74,959
74,956
74,953
74,951
74,948
74,945
74,943
74,940
74,937
74,934
74,932
74,915
74,900
74,898
74,805
74,802
74,799
74,797
74,794
74,791
74,789
74,786
74,701
74,698
74,696
74,693
74,690
74,684
74,681
74,678
74,675
74,673
74,670
74,667
74,665
74,662
74,659
74,657
74,654
74,651
74,648
74,646
74,643
74,640
74,638
74,635
74,632
74,629
74,627
74,624
74,621
74,619
74,616
74,613
74,610
74,608
74,605
74,602
74,600
74,597
74,594
74,592
74,589
74,586
74,583
74,581
74,578
74,575
74,573
74,570
74,567
74,564
74,562
74,559
74,550
74,548
74,545
74,542
74,539
74,537
74,534
74,531
74,529
74,526
74,523
74,521
74,518
74,515
74,512
74,508
74,505
74,502
74,500
74,497
74,494
74,491
74,489
74,486
74,483
74,481
74,478
74,475
74,472
74,470
74,467
74,464
74,462
74,459
74,456
74,453
74,451
74,448
74,418
74,416
74,413
74,410
74,408
74,405
74,402
74,399
74,397
74,394
74,391
74,389
74,386
74,383
74,380
74,378
74,375
74,372
74,370
74,367
74,364
74,361
74,359
74,356
74,353
74,351
74,348
74,345
74,343
74,340
74,337
74,334
74,332
74,329
74,326
74,324
74,321
74,318
74,315
74,313
74,310
74,307
74,305
74,302
74,299
74,296
74,294
74,291
74,288
74,286
74,283
74,280
74,277
74,275
74,272
74,269
74,267
74,264
74,261
74,259
74,256
74,253
74,250
74,248
74,245
74,242
74,240
74,237
74,234
74,231
74,229
74,226
74,223
74,221
74,218
74,215
74,212
74,210
74,207
74,204
74,202
74,199
74,196
74,194
74,191
74,188
74,185
74,183
74,180
74,177
74,175
74,172
74,169
74,166
74,164
74,161
74,158
74,156
74,153
74,150
74,147
74,145
74,142
74,139
74,137
74,134
74,131
0,300
0,299
0,298
0,297
0,296
0,295
0,294
0,293
0,292
0,291
0,290
0,289
0,288
0,287
0,286
0,285
0,284
0,283
0,282
0,281
0,280
0,279
0,278
0,277
0,276
0,275
0,274
0,273
0,272
0,271
0,270
0,269
0,268
0,267
0,266
0,265
0,264
0,263
0,262
0,261
0,260
0,259
0,258
0,257
0,256
0,255
0,254
0,253
0,252
0,251
0,250
0,249
0,248
0,247
0,246
0,245
0,244
0,242
0,241
0,240
0,239
0,238
0,237
0,236
0,235
0,234
0,233
0,232
0,231
0,230
0,229
0,228
0,227
0,226
0,225
0,224
0,223
0,222
0,221
0,220
0,219
0,218
0,217
0,216
0,215
0,214
0,213
0,212
0,211
0,210
0,209
0,208
0,207
0,206
0,205
0,204
0,203
0,202
0,201
0,200
0,199
0,198
0,197
0,196
0,195
0,194
0,193
0,192
0,63
0,62
0,61
0,60
0,59
0,58
0,57
0,56
0,55
0,54
0,53
0,52
0,51
0,50
0,49
0,48
0,47
0,46
0,45
0,6
0,5
0,304
0,303
0,306
0,305
0,302
0,12
0,384
0,10
0,8
0,11
0,4
0,2
0,3
0,7
